0.000000000000000000e+00
1.013344879378755836e-01
2.125396634235284243e-01
3.441607803515286390e-01
5.060302268675399562e-01
7.064793811386337330e-01
9.507097539391501373e-01
1.237726425840825151e+00
1.555450604098429723e+00
1.875067647772393542e+00
2.149083172463352120e+00
2.320768892247587978e+00
2.347898730610572748e+00
2.227347418489809883e+00
1.998359299797478394e+00
1.721284001546152354e+00
1.452041733402676504e+00
1.229293511156183571e+00
1.074230667644131998e+00
9.953806903878132939e-01
9.930941978633693878e-01
1.062032610715651693e+00
1.191714994781052139e+00
1.365627824236602006e+00
1.559744817409288054e+00
1.742121451246254837e+00
1.876031800851803544e+00
1.928144822228202049e+00
1.879171031265841840e+00
1.730133301986485295e+00
1.499037050561699891e+00
1.210234932254750317e+00
8.837431293981377056e-01
5.295364183443433959e-01
1.470925654745660616e-01
-2.715935689590461277e-01
-7.362782444277309324e-01
-1.248636833135673418e+00
-1.786193098982889360e+00
-2.283374447053833300e+00
-2.629930040093034549e+00
-2.717599762258291918e+00
-2.519592517016660871e+00
-2.116345761037694118e+00
-1.633694118315131449e+00
-1.172083861311564279e+00
-7.856502264878985065e-01
-4.950215905554530837e-01
-3.041994427297498027e-01
-2.107035930427298143e-01
-2.098215194289982932e-01
-2.958986962193936310e-01
-4.624269160885343677e-01
-7.012323052613730345e-01
-1.000121583666244041e+00
-1.338258566593010013e+00
-1.679993378640500357e+00
-1.971585038072558582e+00
-2.149177599676841854e+00
-2.162189224459241554e+00
-1.998861964340567621e+00
-1.689795266154518583e+00
-1.284878025581944527e+00
-8.254613258502532247e-01
-3.309876172009627027e-01
1.989889240415504135e-01
7.736862182871263593e-01
1.392877335835509323e+00
2.019972451319310469e+00
2.555352816734824728e+00
2.849392600053683555e+00
2.793834832452934513e+00
2.420415750713439618e+00
1.874723164105235762e+00
1.304326514495222300e+00
7.964488125724938916e-01
3.849738536835891622e-01
7.669148155026303537e-02
-1.309380079150352372e-01
-2.425115565737321066e-01
-2.630778377246910105e-01
-1.983136187300851283e-01
-5.460041638715786017e-02
1.612853959987159413e-01
4.421140460211934742e-01
7.785265344128278198e-01
1.154582908818154730e+00
1.540560725941777509e+00
1.886508686407577517e+00
2.125455550331688315e+00
2.194933911643811797e+00
2.068641332860940096e+00
1.769867352261596638e+00
1.351285016113923154e+00
8.615009288431975110e-01
3.255326572298332666e-01
-2.549512169855494559e-01
-8.881608979743539356e-01
-1.568077438071511231e+00
-2.238914071839395614e+00
-2.766233551033304483e+00
-2.974719816718087717e+00
-2.780394885483246536e+00
-2.276806258787831716e+00
-1.647490257626306631e+00
-1.035785077240644503e+00
-5.087867186052600355e-01
-8.453142102559489668e-02
2.379692413695577435e-01
4.634725353173522744e-01
5.961862057358709999e-01
6.403500693251499287e-01
6.017968864150300412e-01
4.885434356556890290e-01
3.100364177671193211e-01
7.578951158701868751e-02
-2.054252973639141278e-01
-5.248305862066217076e-01
-8.707744801930479284e-01
-1.223896475894153957e+00
-1.552070139434170715e+00
-1.809563352220225463e+00
-1.946179844665543834e+00
-1.926379337152988480e+00
-1.745919706916146064e+00
-1.430368548468018641e+00
-1.016065523726463971e+00
-5.298188333320658083e-01
1.986542431521762242e-02
6.380801909577364928e-01
1.325765021890959572e+00
2.045928781452651002e+00
2.681280067923255128e+00
3.037169111925035470e+00
2.963065694078456769e+00
2.500088611977566266e+00
1.840306324037096042e+00
1.162868747444739004e+00
5.585498908573505172e-01
5.218373833721499239e-02
-3.582268614400253570e-01
-6.789538448906843326e-01
-9.129349922706547771e-01
-1.060185444786025277e+00
-1.121433787857108788e+00
-1.101727912289428790e+00
-1.011865332176500321e+00
-8.671342700528423819e-01
-6.845047025111336003e-01
-4.799889305874578960e-01
-2.672631228231150957e-01
-5.764907694453035719e-02
1.390582715492600374e-01
3.135573296306141122e-01
4.563051589282490217e-01
5.573725923769574653e-01
6.069231439701456843e-01
5.960495938879871725e-01
5.174537379448689300e-01
3.654497161640444247e-01
1.351532832492109149e-01
-1.785404898100250715e-01
-5.805658450321906638e-01
-1.070891027768089865e+00
-1.631081154786854448e+00
-2.200751963043988457e+00
-2.659341111818711578e+00
-2.856995070859607910e+00
-2.713613649518624715e+00
-2.289829812350502092e+00
-1.731174356100973366e+00
-1.163954154742614211e+00
-6.533286454227626994e-01
-2.176345147319811435e-01
1.468109123525565551e-01
4.498403734092052408e-01
7.004259797594252213e-01
9.046305078890612972e-01
1.065878670364271752e+00
1.186237334156984513e+00
1.268004408729350718e+00
1.315090309018440040e+00
1.333787102728732021e+00
1.332738034067626032e+00
1.322208882315313083e+00
1.312967768149776449e+00
1.315096482431854286e+00
1.336918955960119115e+00
1.384062205540605106e+00
1.458568914236342939e+00
1.558013214923342993e+00
1.674753202496785276e+00
1.795767248926614768e+00
1.903817792203452930e+00
1.980588288209397696e+00
2.011525610887106463e+00
1.990618196436035658e+00
1.922566176687805051e+00
1.821002251901818303e+00
1.703858730405253263e+00
1.588402740925696888e+00
1.487872394466373427e+00
1.410143028717927960e+00
1.357838143183402124e+00
1.329121564819282453e+00
1.318676798666753580e+00
1.318692024277752672e+00
1.319853956978953136e+00
1.312391802121582352e+00
1.287138066617699694e+00
1.236448443656657403e+00
1.154738095693208511e+00
1.038427811734558448e+00
8.852588286816144292e-01
6.931460164416185510e-01
4.588895417422760303e-01
1.771421132154598066e-01
-1.598361680134250951e-01
-5.606669806239085174e-01
-1.029670332857147041e+00
-1.555081284811238751e+00
-2.089702039291132074e+00
-2.535226703100081469e+00
-2.762934836997069876e+00
-2.690676855232406961e+00
-2.352033744061785114e+00
-1.868714932119598604e+00
-1.364154836088620648e+00
-9.144333836321447695e-01
-5.511424044175858850e-01
-2.809381265539404593e-01
-1.002137659124194558e-01
-2.067333467774485137e-03
2.133842235583353550e-02
-2.175537702427573356e-02
-1.227902167211361029e-01
-2.728851509891861982e-01
-4.625691038594104687e-01
-6.809629708803419668e-01
-9.143231919122170037e-01
-1.144339561352907042e+00
-1.347281148826057207e+00
-1.495607500308503868e+00
-1.563054919299279755e+00
-1.531769266200200263e+00
-1.397257353662084256e+00
-1.167229359249366771e+00
-8.546700743810243805e-01
-4.695359517681374495e-01
-1.368906519633270036e-02
5.181808489795365347e-01
1.128988979664365067e+00
1.796533935585705066e+00
2.437910915548822555e+00
2.891469992108858023e+00
2.984980035959535982e+00
2.679620262999461211e+00
2.110436929779436532e+00
1.461144056987697226e+00
8.516508746206457037e-01
3.278242272841923599e-01
-1.046889564602297984e-01
-4.529578009810076855e-01
-7.240884767387066878e-01
-9.220099757488547931e-01
-1.048758325915242873e+00
-1.107284461693156086e+00
-1.103874742174181023e+00
-1.049045597371045746e+00
-9.567459407305840546e-01
-8.425781680360849846e-01
-7.220278251071490239e-01
-6.093453592515670758e-01
-5.171774507948668775e-01
-4.566910306671187469e-01
-4.378594774263371847e-01
-4.696651835577758671e-01
-5.600528809897757920e-01
-7.154201349473382487e-01
-9.391888623789599322e-01
-1.228625639171853967e+00
-1.569003952435281235e+00
-1.925674323843918900e+00
-2.239360983127285820e+00
-2.436142413599880818e+00
-2.458962201720076735e+00
-2.302515329117671872e+00
-2.017185684467372564e+00
-1.677627764019461676e+00
-1.348245693075858176e+00
-1.069082911459262375e+00
-8.586417750575471297e-01
-7.217230547696685816e-01
-6.557263534739687927e-01
-6.542150954643725091e-01
-7.084865698790482336e-01
-8.079654359411725384e-01
-9.399209041452800673e-01
-1.088871500481658483e+00
-1.236177883605055872e+00
-1.360564908302355436e+00
-1.440269332958764581e+00
-1.456750982449693144e+00
-1.398546936413120445e+00
-1.262995014863234511e+00
-1.054422770500545781e+00
-7.795787181845180713e-01
-4.426612077143421420e-01
-4.225261081472435343e-02
4.281569293458227787e-01
9.739057822932014608e-01
1.583334817501283798e+00
2.200223653505220867e+00
2.699988168915699038e+00
2.919899081609283353e+00
2.770983407451469205e+00
2.322021333855873948e+00
1.735880586379255908e+00
1.151158720398591129e+00
6.381041814867232098e-01
2.172786888650600490e-01
-1.128590881156644188e-01
-3.598973143371124728e-01
-5.315450803346559727e-01
-6.348328860352921987e-01
-6.770576132350252241e-01
-6.667338125109557589e-01
-6.138762856392715461e-01
-5.296183267212203338e-01
-4.255199130330216128e-01
-3.129514134931808966e-01
-2.027631103236144927e-01
-1.052389948643095707e-01
-3.020456176565521761e-02
1.285832003094375744e-02
1.477217381360947795e-02
-3.330499676092125994e-02
-1.398237487952286306e-01
-3.127141439006761447e-01
-5.588141611603357761e-01
-8.818680283850330870e-01
-1.277304878255161702e+00
-1.721936128931354393e+00
-2.160305420996920134e+00
-2.500429375544302779e+00
-2.641854835579526384e+00
-2.535923415278527493e+00
-2.223316186225166025e+00
-1.802855093245074425e+00
-1.370207566078559314e+00
-9.854130105758314162e-01
-6.746931151959230100e-01
-4.438784758032749411e-01
-2.892552789849266448e-01
-2.033358891190116813e-01
-1.772592944641018520e-01
-2.016132258151271672e-01
-2.666641439348997333e-01
-3.623645939480931166e-01
-4.782213932112532873e-01
-6.030628937041991877e-01
-7.248233560912278328e-01
-8.305610262542960642e-01
-9.069406422400017043e-01
-9.412542681087396890e-01
-9.227237417282730947e-01
-8.434901689023434068e-01
-6.986406828360769428e-01
-4.850200771567733660e-01
-1.992774823085071978e-01
1.636691088600218946e-01
6.097667575150402808e-01
1.139319100806759133e+00
1.730440292379721301e+00
2.312353946275819805e+00
2.750078881612314952e+00
2.891019445957756506e+00
2.677392199375831172e+00
2.200322866522111731e+00
1.617456551749943516e+00
1.049223405428989286e+00
5.513978025179914200e-01
1.368680103169802043e-01
-1.994774291416360479e-01
-4.668991456948506924e-01
-6.736288800173418911e-01
-8.260924063887544744e-01
-9.298691935200159575e-01
-9.910029675183738007e-01
-1.016955682663782445e+00
-1.016915453071269626e+00
-1.001491462534309651e+00
-9.820335999929610260e-01
-9.698515974038397491e-01
-9.755053498602905826e-01
-1.008182299534755799e+00
-1.075045225015395012e+00
-1.180354138830069788e+00
-1.324153826013809487e+00
-1.500440944950874655e+00
-1.695143288070357190e+00
-1.885102141874175352e+00
-2.040212556199111571e+00
-2.130568186935294595e+00
-2.137271719883260701e+00
-2.060990555572057570e+00
-1.921980308404541260e+00
-1.751554599351347719e+00
-1.581243516356535483e+00
-1.435543015248755827e+00
-1.329592386681397675e+00
-1.269939743720370995e+00
-1.256249255665010001e+00
-1.282778291466033949e+00
-1.339354113994467355e+00
-1.412093134474082579e+00
-1.484342525504765975e+00
-1.538325924883110263e+00
-1.557640204479992629e+00
-1.530075986980452774e+00
-1.449607104803596336e+00
-1.316448447464690696e+00
-1.134999493076733312e+00
-9.105934050336111918e-01
-6.463880434922723017e-01
-3.413576770212100042e-01
1.018283760820115624e-02
4.170787166664109979e-01
8.865724623491609835e-01
1.413667097718505294e+00
1.962564117902035665e+00
2.447278288602985796e+00
2.740211285211558767e+00
2.739202718278041626e+00
2.450154150269880038e+00
1.983930605042884210e+00
1.472210162700050562e+00
1.004174154155224929e+00
6.205544212566429518e-01
3.326393945692175391e-01
1.389386136337129318e-01
3.367049750601412705e-02
9.812574109737459693e-03
5.984812348762849621e-02
1.758824659713182359e-01
3.495663089353078790e-01
5.715648709273530859e-01
8.301064117705558854e-01
1.108418146284018579e+00
1.381731237518576849e+00
1.616031353846350216e+00
1.771885303955511803e+00
1.814919771467623955e+00
1.728476490644314412e+00
1.518931593965775928e+00
1.208497800657396093e+00
8.209817509207256725e-01
3.703335627664637308e-01
-1.426979611256124492e-01
-7.250471024327022063e-01
-1.375369896459210484e+00
-2.054074808096590488e+00
-2.647679156073497353e+00
-2.976714878523066155e+00
-2.906454886441768082e+00
-2.474711592716023922e+00
-1.855810759816848288e+00
-1.216689901891396142e+00
-6.462701223697392416e-01
-1.718081875194564234e-01
2.068686576651881381e-01
4.965429108547153025e-01
7.029914589930362778e-01
8.303774195792140711e-01
8.832254448864145235e-01
8.684195602119272328e-01
7.959422193383780542e-01
6.781815035545586401e-01
5.284538443776130023e-01
3.596166087929749677e-01
1.833293962747822303e-01
1.003837241799717186e-02
-1.505772563935320052e-01
-2.890646939618883859e-01
-3.958764903892530995e-01
-4.614353516951449907e-01
-4.765463598094085151e-01
-4.329044405913286542e-01
-3.233302693792728388e-01
-1.414878180976927302e-01
1.187287553633870896e-01
4.631871124578111898e-01
8.948046010709486131e-01
1.404709270867519511e+00
1.954234562816507870e+00
2.453612177449722598e+00
2.766710156277337074e+00
2.778257031939471045e+00
2.484855740125403223e+00
1.997695890695257548e+00
1.452909617839580614e+00
9.411141979798562929e-01
5.001843484838092158e-01
1.362817932443261826e-01
-1.573759803562050363e-01
-3.906886231591864544e-01
-5.730387039871850385e-01
-7.126330552041115762e-01
-8.169339288399526389e-01
-8.932768226554079760e-01
-9.492919923236333712e-01
-9.930112196952874948e-01
-1.032677629928289154e+00
-1.076331532118119494e+00
-1.131240756471344477e+00
-1.203205427394645088e+00
-1.295729035424261433e+00
-1.409050927959080379e+00
-1.539127198995767998e+00
-1.676867202808802970e+00
-1.808247696526782855e+00
-1.916105808798867605e+00
-1.984005822280357378e+00
-2.001321029193811718e+00
-1.967252156680360908e+00
-1.891452472137370000e+00
-1.790853784230676649e+00
-1.684577447012939766e+00
-1.589411884780402850e+00
-1.517185763942430876e+00
-1.473951756905186317e+00
-1.460252810957398228e+00
-1.471828443394530117e+00
-1.500476108585142354e+00
-1.535091257613888205e+00
-1.563039428277690046e+00
-1.571920601517712512e+00
-1.551497699962149701e+00
-1.495244503919175294e+00
-1.400899251988097172e+00
-1.269743966555889170e+00
-1.104883655507054252e+00
-9.091795985887261011e-01
-6.834738476093544790e-01
-4.254613843091514802e-01
-1.293355299234481559e-01
2.135942780290163434e-01
6.125938494579197258e-01
1.071812541838204069e+00
1.578734147739726090e+00
2.086664163336828359e+00
2.502667052815844340e+00
2.709792701725535213e+00
2.636987692975804709e+00
2.317820799581203683e+00
1.864420177757775354e+00
1.391468980048286230e+00
9.720304366131334861e-01
6.386837012462056595e-01
4.003362953841265726e-01
2.554772511598075724e-01
1.987896588338275428e-01
2.236060169881290693e-01
3.225599884057536726e-01
4.874876770026875250e-01
7.086210996196181666e-01
9.726725456732969732e-01
1.259649793601141265e+00
1.539408609855209775e+00
1.770998220363315667e+00
1.909090293693720186e+00
1.918365441560532014e+00
1.788008501563865815e+00
1.534067619184394715e+00
1.186808122479960703e+00
7.733843964965584350e-01
3.071456485167519679e-01
-2.131496064491483766e-01
-7.954489340818176046e-01
-1.436977615748917136e+00
-2.094557521462713012e+00
-2.653380512213113107e+00
-2.943120351177558991e+00
-2.848005829205894290e+00
-2.416941186402373543e+00
-1.818218517835178405e+00
-1.207634613642401211e+00
-6.683386843789888010e-01
-2.270920752992924285e-01
1.148590981378140308e-01
3.632536136071096156e-01
5.241084078478444042e-01
6.030339598831647718e-01
6.064304147737062944e-01
5.423937854243887635e-01
4.205952514979781065e-01
2.513844375477069515e-01
4.483497921025982741e-02
-1.895946883317305154e-01
-4.424437076068640229e-01
-7.027189262255150171e-01
-9.559027961286473696e-01
-1.182458025580198191e+00
-1.358271593954914369e+00
-1.458270254645091191e+00
-1.462699206872403401e+00
-1.362836238157988600e+00
-1.161994581719771213e+00
-8.705781000743081366e-01
-4.982763156827785256e-01
-4.813132149910065438e-02
4.838370071092167324e-01
1.100040956644261936e+00
1.778733642934696491e+00
2.436840791489066849e+00
2.908424109698092952e+00
3.012088684119510695e+00
2.702715810393384377e+00
2.118220264554166565e+00
1.448497598558482480e+00
8.160795375004791241e-01
2.658327199002744057e-01
-1.986547716914793815e-01
-5.855555523386591910e-01
-9.008666372091751473e-01
-1.144613990733857944e+00
-1.312604859090862996e+00
-1.401024042384706236e+00
-1.411389892098782184e+00
-1.353330730680919247e+00
-1.243869560761976523e+00
-1.104076425355459357e+00
-9.552587963653269565e-01
-8.164118763314116567e-01
-7.033335454002306308e-01
-6.288652527575843143e-01
-6.035178719975199391e-01
-6.359527929805099955e-01
-7.330062009592080985e-01
-8.989513656167896771e-01
-1.133468130219733583e+00
-1.427564631245264781e+00
-1.757229087764129005e+00
-2.077295106771650079e+00
-2.323250110201181773e+00
-2.430541272784903839e+00
-2.367424209725653039e+00
-2.155094466922531371e+00
-1.854070719103286802e+00
-1.531295935727775781e+00
-1.236647048921955427e+00
-9.979176278650222498e-01
-8.260579785017776455e-01
-7.218682360987078717e-01
-6.806621167195755495e-01
-6.947529797868035040e-01
-7.544986299222415926e-01
-8.485319497269407929e-01
-9.635914053662447687e-01
-1.084319385488796472e+00
-1.193477280982795818e+00
-1.273036280199561610e+00
-1.306293716257149740e+00
-1.280471776543827378e+00
-1.188569930612886738e+00
-1.029260290140492806e+00
-8.045816127883262947e-01
-5.164278858152875351e-01
-1.634629485742442045e-01
2.598683648389225054e-01
7.602052329622591698e-01
1.334617387973740632e+00
1.948528096077545291e+00
2.507455048890033567e+00
2.857666587731729546e+00
2.865753658657122838e+00
2.532042856576630196e+00
1.991400933480157676e+00
1.400361903414113707e+00
8.568144234030636852e-01
3.984934759202222176e-01
3.046373585151243568e-02
-2.537523721908821472e-01
-4.625176545878035284e-01
-6.034477582992533451e-01
-6.837553917676579829e-01
-7.112940382673230699e-01
-6.952448478300109480e-01
-6.461476778287510436e-01
-5.754346356456827571e-01
-4.948046277018242067e-01
-4.157221577187060757e-01
-3.491545081351448698e-01
-3.055094798891766494e-01
-2.946665069418747396e-01
-3.259960250963021555e-01
-4.082773594936743300e-01
-5.493746568521863383e-01
-7.553346483795190247e-01
-1.028195899859573714e+00
-1.361419593933876460e+00
-1.732254741237090556e+00
-2.093371601262489001e+00
-2.372934422547497757e+00
-2.496226771195672711e+00
-2.425981799406591310e+00
-2.188026595856135348e+00
-1.854063774559360223e+00
-1.500986550967198463e+00
-1.183818409179652198e+00
-9.318068985457130804e-01
-7.558401652213072586e-01
-6.564568575548505036e-01
-6.289325280171880195e-01
-6.657289073123695555e-01
-7.573025798245239804e-01
-8.919406807556652383e-01
-1.054995395589894747e+00
-1.227946637159407439e+00
-1.388094597724346846e+00
-1.510012784357255500e+00
-1.569483875602182943e+00
-1.549007613979131337e+00
-1.441985939573646069e+00
-1.252586243230957352e+00
-9.909600757568336471e-01
-6.665721704518043911e-01
-2.830666569962497214e-01
1.632283146684891939e-01
6.798216645974038963e-01
1.267030919264899858e+00
1.895544377172045047e+00
2.476316581202233635e+00
2.855993706953866784e+00
2.892197800043973643e+00
2.573874984749083605e+00
2.033808743044729805e+00
1.434960918892668413e+00
8.821828198398831145e-01
4.173170915086443777e-01
4.742218767514141259e-02
-2.328745948948604816e-01
-4.311740011512265602e-01
-5.546127335785216994e-01
-6.102685339846553036e-01
-6.061550602851434322e-01
-5.516961092070523653e-01
-4.574717646608650323e-01
-3.345433067137879024e-01
-1.938002698038737981e-01
-4.562607035103885544e-02
1.000684128292694264e-01
2.335885266237082147e-01
3.452041541080015374e-01
4.251028775328407061e-01
4.636308628024389811e-01
4.517276818019236861e-01
3.812968966384860381e-01
2.452191523489347658e-01
3.692198315354872085e-02
-2.500738184262612518e-01
-6.213732426469253944e-01
-1.077221990232319238e+00
-1.600780006348324846e+00
-2.137969406159516694e+00
-2.581473036034841684e+00
-2.794863797822720652e+00
-2.696172954173282399e+00
-2.327011750551772895e+00
-1.815707410070440453e+00
-1.285143566904231038e+00
-8.059820334417426846e-01
-4.033332378660163808e-01
-7.815574897787638808e-02
1.775326467960039456e-01
3.735671269275813167e-01
5.193729908678650364e-01
6.237870880259652751e-01
6.954891571363852609e-01
7.433933976047311099e-01
7.767865834544850356e-01
8.052095071090937806e-01
8.381546730328833794e-01
8.846441461473054657e-01
9.526953279766966487e-01
1.048611036732380208e+00
1.175971623272476840e+00
1.334204859362764228e+00
1.516758987971398520e+00
1.709354657610659078e+00
1.889589478830331792e+00
2.029830205595523296e+00
2.104536482934534547e+00
2.099947477242657623e+00
2.020549467967984736e+00
1.887624597066951182e+00
1.730993238313065286e+00
1.579610831352624478e+00
1.455599164254329114e+00
1.372411090987045945e+00
1.335453014371309921e+00
1.343401120217272648e+00
1.389298386291009990e+00
1.461302784557686030e+00
1.543449309838654360e+00
1.617021613822336334e+00
1.663010032124437210e+00
1.665505224468704748e+00
1.614928712566924274e+00
1.509501173725189771e+00
1.354021180364773480e+00
1.156520374865108280e+00
9.244045372751373835e-01
6.615331028947094572e-01
3.668234702633764166e-01
3.432669768395017057e-02
-3.451989937402807906e-01
-7.803838893704062585e-01
-1.270972071349885768e+00
-1.792990582451901460e+00
-2.280667740856200165e+00
-2.624650014327873926e+00
-2.716692248046220559e+00
-2.527244132789915554e+00
-2.132621636483234440e+00
-1.656100724561224702e+00
-1.197642188274369746e+00
-8.116433681159797020e-01
-5.187321389077877987e-01
-3.224180160924343119e-01
-2.193831806104065141e-01
-2.039301999160467449e-01
-2.694151885804930147e-01
-4.084752795310617191e-01
-6.125514784302299454e-01
-8.703834767172461406e-01
-1.164996558598504484e+00
-1.469488512053343410e+00
-1.744001662014154963e+00
-1.938829752503336890e+00
-2.007735117836027872e+00
-1.926904025871895465e+00
-1.704901446387342201e+00
-1.373653651764209505e+00
-9.681977637087317845e-01
-5.107254763059003722e-01
-6.103888309295840697e-03
5.526373963645321297e-01
1.170377257073520472e+00
1.825250165977132744e+00
2.435645070297868919e+00
2.849797110868409256e+00
2.916527140838620191e+00
2.613230296244556605e+00
2.071298011956946628e+00
1.461469459449025621e+00
8.966600156620095907e-01
4.235743828128066268e-01
5.201951082069522503e-02
-2.213365880730819302e-01
-4.022739560959525118e-01
-4.964216831561099608e-01
-5.098107095620580953e-01
-4.497433649636366493e-01
-3.248451594083078264e-01
-1.443490942278138900e-01
8.268969864888427168e-02
3.474384048267339931e-01
6.400229799967357414e-01
9.468317205356834299e-01
1.247018588387431626e+00
1.510153174476899007e+00
1.698332399064193421e+00
1.775234277769866420e+00
1.719263146347809634e+00
1.531601127068322743e+00
1.231767936390853135e+00
8.438551073995468332e-01
3.835687368525670382e-01
-1.467362527691929985e-01
-7.529155832850269459e-01
-1.431510962898160821e+00
-2.135923467406683152e+00
-2.737405680431931110e+00
-3.040451432763106698e+00
-2.914356933272176153e+00
-2.423089127720517766e+00
-1.760852208830381072e+00
-1.094425882110966697e+00
-5.034288295880585684e-01
-7.111007651876388724e-03
3.986093742388947536e-01
7.206536571859617490e-01
9.619771656979132501e-01
1.122081742252642567e+00
1.200682778547093710e+00
1.201623819324262765e+00
1.134863634741609895e+00
1.015711908038629208e+00
8.621698681937065567e-01
6.920670247582376700e-01
5.212498939621279526e-01
3.630884282061269674e-01
2.288689550150743712e-01
1.284842735991852947e-01
7.100887746651833587e-02
6.500720152806702123e-02
1.186176010667297775e-01
2.395019440946169753e-01
4.345737845773975927e-01
7.089398784815669208e-01
1.062702869807771844e+00
1.483557984602576596e+00
1.934201683397319016e+00
2.340429405270751051e+00
2.599199200360750250e+00
2.625357081800324455e+00
2.410867165522941225e+00
2.031181682333485838e+00
1.590571156093844030e+00
1.169363712547482725e+00
8.097642693128328517e-01
5.260072712623817814e-01
3.176361654392825806e-01
1.779832487236467642e-01
9.814116949649549781e-02
6.844921216116252316e-02
7.895378032306063498e-02
1.195458209017613571e-01
1.800165426445987926e-01
2.500818967053036745e-01
3.193935767143878390e-01
3.775784030814737791e-01
4.143593338824205774e-01
4.197749118131038348e-01
3.844340127155924103e-01
2.996653591663734906e-01
1.574237181562681831e-01
-5.002077029733970059e-02
-3.301863006854031113e-01
-6.891436087522464504e-01
-1.126758382084683818e+00
-1.625460494607551709e+00
-2.132249091530880047e+00
-2.546308454551205802e+00
-2.743557858224630053e+00
-2.651493621603965956e+00
-2.308670552588925950e+00
-1.832353104020091994e+00
-1.337568825608539846e+00
-8.937316823365468732e-01
-5.283908097080848298e-01
-2.455786715358291294e-01
-3.957961403903254016e-02
9.837771796266756019e-02
1.777712630812508243e-01
2.082857948702093454e-01
1.998223901486288201e-01
1.625030267729719868e-01
1.065817521206751384e-01
4.232510613057476057e-02
-2.007592356987977777e-02
-7.055380796278773459e-02
-9.920393391775514380e-02
-9.634530514953314195e-02
-5.259605139241230187e-02
4.107185415259574646e-02
1.932885463445832008e-01
4.120364429523427630e-01
7.035229445183869279e-01
1.068777800653166521e+00
1.495962921331874362e+00
1.947658494540032370e+00
2.349505143830631138e+00
2.599727608587235839e+00
2.616864478587739740e+00
2.397307611398637572e+00
2.018693798012121121e+00
1.584875454161027264e+00
1.175105444694378498e+00
8.312572186395649210e-01
5.681029284175106442e-01
3.861908756122279240e-01
2.799530464530063378e-01
2.414755014720641191e-01
2.619131904943575173e-01
3.319072268626650501e-01
4.415886273466422818e-01
5.803131083147983205e-01
7.361597355500809625e-01
8.953408785119865154e-01
1.041894492841287878e+00
1.158194719998449695e+00
1.226677261387824069e+00
1.232546264728686225e+00
1.166329459372681399e+00
1.024734825713647490e+00
8.089816007051393587e-01
5.212617160132073657e-01
1.611308867961083191e-01
-2.760042197564079869e-01
-7.957085543882292944e-01
-1.392658607933221493e+00
-2.025897932848300442e+00
-2.588581199908301045e+00
-2.914448499367229495e+00
-2.872916599450178854e+00
-2.485574358319036836e+00
-1.905597076367482101e+00
-1.290983477009503000e+00
-7.315183533360827273e-01
-2.568578727767071301e-01
1.328276073026534165e-01
4.459049578857647855e-01
6.902862961622345805e-01
8.713575592606436215e-01
9.930018049946380820e-01
1.059577369354393062e+00
1.077605725095824862e+00
1.056492474042576513e+00
1.008173610920242824e+00
9.460612475245642194e-01
8.838441579837919004e-01
8.345506312989828812e-01
8.099893898424629368e-01
8.204459876248975103e-01
8.743942077169426508e-01
9.779342351430053704e-01
1.133622584633494634e+00
1.338332781625730883e+00
1.580004808402940775e+00
1.834088658974380115e+00
2.062509402093255950e+00
2.219815967042400029e+00
2.268711196309949774e+00
2.198001577927096495e+00
2.029019196020590332e+00
1.804647061820763065e+00
1.570731266350426925e+00
1.362967606400100840e+00
1.203157754994033990e+00
1.101217403033027509e+00
1.058592176724993728e+00
1.070912360858925272e+00
1.129443131409367362e+00
1.221614680019983412e+00
1.331164171415029074e+00
1.438579336408207787e+00
1.522589376294144925e+00
1.563092419916366493e+00
1.544937400566388508e+00
1.460871554518673010e+00
1.311840232256186400e+00
1.104205439535365318e+00
8.452623539062673608e-01
5.391209750297337733e-01
1.843969739861181234e-01
-2.256069845876514379e-01
-6.993249857162292527e-01
-1.237662592217151580e+00
-1.815876917502495802e+00
-2.359382745582491392e+00
-2.738128978644697842e+00
-2.822222623511569495e+00
-2.582127712027000754e+00
-2.117609610889203520e+00
-1.574826279414379915e+00
-1.061462340606532218e+00
-6.288647151581907568e-01
-2.918571727033077434e-01
-4.927092497209887428e-02
1.051077359480995510e-01
1.786341528641392506e-01
1.790488251733451386e-01
1.145259097359934419e-01
-6.372588568609192927e-03
-1.748517800517315202e-01
-3.817716354554585578e-01
-6.168733273439983567e-01
-8.672029588458510796e-01
-1.115096711811911945e+00
-1.336852556636203726e+00
-1.503907115386296178e+00
-1.587935108265422057e+00
-1.568749229890588959e+00
-1.440443842149454534e+00
-1.210946043931098171e+00
-8.947624582563147300e-01
-5.037170998751230311e-01
-4.105010277705005428e-02
4.980139129266909492e-01
1.116616724044183107e+00
1.793030027167919593e+00
2.443886061916491492e+00
2.904734348455598969e+00
2.999267718758795276e+00
2.687811606353881277e+00
2.108978118053171702e+00
1.450065538658902531e+00
8.319888039810793279e-01
3.000320827165551263e-01
-1.409016890752795015e-01
-4.981141020003334585e-01
-7.782489521124359433e-01
-9.841530776635446509e-01
-1.116465873576268697e+00
-1.176914348692337908e+00
-1.171206248954245410e+00
-1.110127235609495777e+00
-1.008574050693677338e+00
-8.833762254026744642e-01
-7.511431268883603796e-01
-6.269376238541128910e-01
-5.238814471817841989e-01
-4.533585369404603549e-01
-4.254075958505356136e-01
-4.490179311282928576e-01
-5.321629556862523813e-01
-6.813852101600953448e-01
-9.005128666546879934e-01
-1.187683264680744921e+00
-1.529660101758820945e+00
-1.893655082109070298e+00
-2.221422205738925459e+00
-2.437199003820403664e+00
-2.478440251572570308e+00
-2.333567687079383113e+00
-2.050194646674015075e+00
-1.704537776656318782e+00
-1.364310479680374888e+00
-1.072254240849201512e+00
-8.483307264699375683e-01
-6.979095384972686666e-01
-6.185463495708821702e-01
-6.038726485010211809e-01
-6.453619493876571189e-01
-7.328734117282773575e-01
-8.545133979557938408e-01
-9.961437846658542927e-01
-1.140920314709879646e+00
-1.269448887030345308e+00
-1.361212957310735661e+00
-1.397475328009289974e+00
-1.364803408568184384e+00
-1.257381501174805072e+00
-1.076476110770973049e+00
-8.270274484898275658e-01
-5.130582045862412954e-01
-1.341196601780823006e-01
3.153488963281042556e-01
8.416412297338794479e-01
1.438767934704030971e+00
2.063286763048282069e+00
2.606150800651453547e+00
2.904808440600938901e+00
2.840669688677597282e+00
2.446047603449911012e+00
1.874212157420221514e+00
1.277193699173384545e+00
7.405393359436855949e-01
2.931220568460932152e-01
-6.389366990675005020e-02
-3.378714896352598140e-01
-5.367969594466355243e-01
-6.676395877624546893e-01
-7.371691004755227539e-01
-7.531550830335845825e-01
-7.250091148276717190e-01
-6.636644308062079611e-01
-5.809451209848568443e-01
-4.888316039444283723e-01
-3.989268328217683290e-01
-3.222188415288855801e-01
-2.690684729121418095e-01
-2.492891618813769250e-01
-2.722065445649106130e-01
-3.466227516027665656e-01
-4.805808082563501893e-01
-6.806438122556359716e-01
-9.500183468920194718e-01
-1.284370592733905303e+00
-1.664270638968790461e+00
-2.045681954148622861e+00
-2.356817245397512028e+00
-2.516214934745348852e+00
-2.474609545699295587e+00
-2.248647731022153984e+00
-1.909534408382735027e+00
-1.539800578287923605e+00
-1.200603512662313133e+00
-9.250526055888713683e-01
-7.257485392881659614e-01
-6.037695524781452328e-01
-5.545286898301754475e-01
-5.706636719919018219e-01
-6.431227568272772643e-01
-7.612540359261067424e-01
-9.122829861978808408e-01
-1.080457483613495917e+00
-1.246366212048750199e+00
-1.387300800755856045e+00
-1.479572936717840514e+00
-1.502837371143113332e+00
-1.444759635330129077e+00
-1.303195061524992759e+00
-1.084088979136552444e+00
-7.960854588807178001e-01
-4.447849553727557526e-01
-2.938147091563837743e-02
4.565364654483525797e-01
1.017834376437874333e+00
1.640391523954799480e+00
2.261765711289561054e+00
2.748742242344540010e+00
2.936302562704053543e+00
2.747673097710275236e+00
2.268694077827074107e+00
1.668280748052483053e+00
1.080506038295968585e+00
5.692742027744234212e-01
1.512214169472548830e-01
-1.767331638365164381e-01
-4.223595825706775719e-01
-5.929736017883736610e-01
-6.950976104555272039e-01
-7.356635123027016609e-01
-7.230805257534228536e-01
-6.675161427828811833e-01
-5.804292836213170714e-01
-4.737638312749390956e-01
-3.592372497961331401e-01
-2.479576466271229129e-01
-1.503653299613345318e-01
-7.635429136493461499e-02
-3.541296275727633808e-02
-3.669174350060658979e-02
-8.899221997936510031e-02
-2.007038362604697812e-01
-3.796008478889146831e-01
-6.320643326399811857e-01
-9.606589292998304330e-01
-1.358267085485004966e+00
-1.797308546670598250e+00
-2.217107966702076549e+00
-2.523904973711136979e+00
-2.624486917817686393e+00
-2.484871085645904643e+00
-2.156696491298317309e+00
-1.738790296215772413e+00
-1.320120299689634180e+00
-9.541932953531100381e-01
-6.634588204528593103e-01
-4.522024987146924802e-01
-3.162787795762003196e-01
-2.481613251640511775e-01
-2.390294799317618235e-01
-2.794829721235687625e-01
-3.597157118164469591e-01
-4.694425939832403416e-01
-5.976539093733028718e-01
-7.322785673807851170e-01
-8.599555448558685589e-01
-9.662221116826885670e-01
-1.036390954886875049e+00
-1.057096884550924321e+00
-1.018000786148018921e+00
-9.127635428712239651e-01
-7.385511091527350302e-01
-4.940628756367415608e-01
-1.769738572946388810e-01
2.176296377853138841e-01
6.955219354624780914e-01
1.254696286570542441e+00
1.865361883180666869e+00
2.441205271831520918e+00
2.832090299822116908e+00
2.891878439356568187e+00
2.597023356348265644e+00
2.069477146490960262e+00
1.469922406315765873e+00
9.052731751515684655e-01
4.185831056749771406e-01
1.610959009578208020e-02
-3.093040698851529657e-01
-5.666570688375340836e-01
-7.630821389549466982e-01
-9.038811639967830880e-01
-9.939326554211884712e-01
-1.039202770870006676e+00
-1.047678299303223648e+00
-1.029478975066038693e+00
-9.962851922242752511e-01
-9.604348725583076174e-01
-9.340334511905298287e-01
-9.282511314627510668e-01
-9.527829183528843116e-01
-1.015304673056380613e+00
-1.120681261206615265e+00
-1.269658386293601504e+00
-1.456854739131437482e+00
-1.668264315599448544e+00
-1.879444600668918053e+00
-2.056925557685171047e+00
-2.165587824488253155e+00
-2.181363611169206074e+00
-2.102452620490948387e+00
-1.950542316765599304e+00
-1.761009106405535984e+00
-1.569778710340826944e+00
-1.404594066652516515e+00
-1.282460270061181351e+00
-1.210842269052772480e+00
-1.189876623109902276e+00
-1.214169100314945737e+00
-1.273863795351347639e+00
-1.355243009165211010e+00
-1.441379711492007054e+00
-1.513442640370476600e+00
-1.553031456871175608e+00
-1.545259839226238441e+00
-1.481456353169784856e+00
-1.360047154125626268e+00
-1.184955600149031785e+00
-9.622171492994956443e-01
-6.963303044955468923e-01
-3.876537890126546260e-01
-3.150758915558199424e-02
3.805544859150780668e-01
8.560789270343850399e-01
1.391022080162908958e+00
1.950685065705353383e+00
2.448885565038074752e+00
2.754721275259109703e+00
2.760545364004411084e+00
2.469432055995190556e+00
1.994527946373762850e+00
1.471580851549965097e+00
9.922358288155574968e-01
5.978001717114000968e-01
2.992636270769420404e-01
9.470339845068702356e-02
-2.196543446534513638e-02
-5.794185811669506914e-02
-2.087230599378224125e-02
8.123192543141115329e-02
2.400183357031480669e-01
4.465556237209136747e-01
6.903816813119628693e-01
9.575382800905547498e-01
1.227887774057389692e+00
1.473121638747944440e+00
1.658102476923556390e+00
1.747872525155073742e+00
1.718830382197521489e+00
1.567097646889629381e+00
1.306962269620703054e+00
9.600581053367294171e-01
5.431019456101445764e-01
6.123245883458519612e-02
-4.905318487181370979e-01
-1.116353117481974522e+00
-1.795410809560925580e+00
-2.444972567620767645e+00
-2.901824396083144020e+00
-2.992437778137596371e+00
-2.680096194845234869e+00
-2.104180131088813077e+00
-1.451180837841836269e+00
-8.416723433433525026e-01
-3.216410489446046572e-01
1.028020938565776393e-01
4.379752155288920146e-01
6.904111051972819935e-01
8.641399802048571610e-01
9.622254746073097831e-01
9.893716284069765665e-01
9.537086668604101147e-01
8.669332289067470665e-01
7.430439880067747360e-01
5.965789937118950448e-01
4.412352235645030096e-01
2.892623268549480153e-01
1.515284806442628307e-01
3.791858478479767647e-02
-4.226384175439719393e-02
-8.007667781723611100e-02
-6.691520045071686074e-02
5.425090573967861554e-03
1.447032631480368037e-01
3.580852020748401809e-01
6.512403550937215790e-01
1.025160601778028147e+00
1.468323560036819186e+00
1.942814950916087913e+00
2.370485165131676730e+00
2.640770064512350856e+00
2.662253811476260168e+00
2.428532501359265350e+00
2.023488367824393563e+00
1.558998891725740688e+00
1.118173061658351841e+00
7.425717837821288470e-01
4.447868994229246531e-01
2.229758157369214344e-01
6.962159194572518917e-02
-2.460906292240636756e-02
-6.956812116166140314e-02
-7.531136488553305530e-02
-5.203162347236267582e-02
-1.000352768794402283e-02
4.048485849411549709e-02
8.919250443550234830e-02
1.259771453197472968e-01
1.408574477522324120e-01
1.240948891488661970e-01
6.627225883668891315e-02
-4.166824152481914817e-02
-2.083920801195402184e-01
-4.418661614529736381e-01
-7.480008875747404806e-01
-1.126707815217516284e+00
-1.563340295975728322e+00
-2.015362895598653559e+00
-2.402486138957147688e+00
-2.621586229824896641e+00
-2.599797552274573320e+00
-2.347994530560492787e+00
-1.952799015082492096e+00
-1.517265858208405316e+00
-1.115110190621351194e+00
-7.831931235849171058e-01
-5.333745895679803395e-01
-3.649055969159910040e-01
-2.717566905539564037e-01
-2.458887932123823006e-01
-2.784338154469654936e-01
-3.600099445221753847e-01
-4.806524558506477529e-01
-6.294552677546021435e-01
-7.939582090764276678e-01
-9.594792885009070238e-01
-1.108856676218852533e+00
-1.223229155779493649e+00
-1.284242180807105616e+00
-1.277234796847208864e+00
-1.193922809319524658e+00
-1.032832303718175471e+00
-7.968615814946582443e-01
-4.891056361014254894e-01
-1.091180445615477224e-01
3.480866659227206950e-01
8.875723070797185699e-01
1.500333599531552986e+00
2.135914342033155222e+00
2.673713216555658523e+00
2.942666497191592789e+00
2.831767781808419926e+00
2.393488380531477944e+00
1.793300085643318775e+00
1.180719431034967570e+00
6.330826088692249609e-01
1.725462791597351941e-01
-2.034265382246203679e-01
-5.034152822396069649e-01
-7.347100225470631907e-01
-9.021217939967426380e-01
-1.009407329815748433e+00
-1.061331701113831016e+00
-1.065202602930139575e+00
-1.031306565673089315e+00
-9.722858353633642148e-01
-9.019442207210237594e-01
-8.340592005898909145e-01
-7.815525119360086093e-01
-7.560611093190789944e-01
-7.677386854636525371e-01
-8.250337503129140382e-01
-9.341571445697146592e-01
-1.097891805713343549e+00
-1.313333321565841816e+00
-1.568329387660638341e+00
-1.837375512684808143e+00
-2.080019740289928087e+00
-2.247152229678500479e+00
-2.298083624247686085e+00
-2.220737812982787496e+00
-2.038808490237460358e+00
-1.799128279557018040e+00
-1.550853585317627958e+00
-1.331409065393299507e+00
-1.163054383552275528e+00
-1.055560025352964670e+00
-1.010110058740702144e+00
-1.022187077614622686e+00
-1.083080461371376257e+00
-1.180364937323069796e+00
-1.297893182357969799e+00
-1.415997827948157983e+00
-1.512717871926695157e+00
-1.566610325038452212e+00
